81
171168
1716
175
1411
91
33282
166428
2156
3160
1982
46
1603
67
47
22955
153459
165359
212
70160
36912
182613
236
1931
163589
3058
113902
175907
168323
164401
6296
256
410
1996
104346
171863
184641
172152
124
2592
145193
125641
1820
1994
264
3164
1947
2915
949
1115
1321
145941
185507
344
146666
2055
185592
7
177432
173301
185892
185861
186165
186153
186133
186203
8
2471
17
174019
186713
774
1960
1216
972
27234
174599
147506
175025
175120
175141
181625
150955
128886
65004
117298
9979
43483
75109
81671
81962
87442
88502
90267
94073
100422
102178
116425
122204
157643
159542
160209
160709
